           0   2.6940687121500002E-002 CPEIN
           0   1.7960458081000000E-002 tau_CPEIN    2.8609026321999999E-002

           0   1.7960458081000000E-002 tau_CPEIN 
           5   1.7956559725000001E-002 tau_PEIN     1.5529209889000001E-002
          10   1.4374052599000001E-002 tau_IN       4.9348655790000001E-002
          15   1.0601257857000000E-002 tau_Numata   4.0837890724999999E-002
          20   1.0000000474974513E-003 NumataA  0.17988086727200001     

          15   1.0601257857000000E-002 tau_Numata
          16   1.0000000474974513E-003 NumataB   8.9019257669999997E-003

          10   1.4374052599000001E-002 tau_IN    
          10   1.0000000474974513E-003 Ismenius   7.5825772040000001E-003

           5   1.7956559725000001E-002 tau_PEIN  
           3   3.4427122570000000E-003 tau_PE      0.10191589081100000     
           5   1.0000000474974513E-003 Elevatus  0.15981991460500000     

           3   3.4427122570000000E-003 tau_PE    
           1   1.0000000474974513E-003 Pardalinus  0.14282458390000000     

           0   1.7960458081000000E-002 tau_CPEIN 
         -10   1.0000000474974513E-003 Cydno   3.9799212382000002E-002
