           0   2.0294809910229597E-002 CPEIN
           0   1.9328391268456299E-002 tau_CPEIN    2.4333364513322599E-002

           0   1.9328391268456299E-002 tau_CPEIN 
           5   1.9326845801729001E-002 tau_PEIN     1.9417756116030600E-002
          10   1.8346381701908498E-002 tau_IN       2.4113916249081199E-002
          15   1.0926191031955201E-002 tau_Numata   3.7893238518442597E-002
          20   4.9999998882412910E-003 NumataA  0.17220844981749900     

          15   1.0926191031955201E-002 tau_Numata
          16   4.9999998882412910E-003 NumataB   8.7025655778278904E-003

          10   1.8346381701908498E-002 tau_IN    
          10   4.9999998882412910E-003 Ismenius   7.5300721683608397E-003

           5   1.9326845801729001E-002 tau_PEIN  
           3   1.0405159531547701E-002 tau_PE       5.2240104308271501E-002
           5   4.9999998882412910E-003 Elevatus  0.11927817825139100     

           3   1.0405159531547701E-002 tau_PE    
           1   4.9999998882412910E-003 Pardalinus   7.8501509806799000E-002

           0   1.9328391268456299E-002 tau_CPEIN 
         -10   4.9999998882412910E-003 Cydno   4.0358111497807499E-002
